'0.jpg'	3	7	12	15	38	42	39	24	6	1	52.9679144385027	17.7667308339897
'1.jpg'	0	0	0	0	3	5	14	39	55	71	83.7700534759358	11.7042686804744
'2.jpg'	2	1	0	1	6	16	21	50	45	45	77.1390374331551	16.4405239886078
'3.jpg'	0	0	0	1	4	5	13	40	69	55	82.4866310160428	11.9979313229251
'4.jpg'	3	4	16	17	40	44	38	18	7	0	51.8983957219251	17.0875489458580
'5.jpg'	0	0	3	1	2	9	19	43	54	56	80.5614973262032	14.3329474935992
'6.jpg'	1	5	12	23	32	37	35	35	5	2	54.4117647058824	17.7377349532244
'7.jpg'	38	27	55	28	24	11	2	2	0	0	26.2834224598930	16.0367189973887
'8.jpg'	3	2	5	4	24	42	43	46	14	4	61.5775401069519	16.8048926012427
'9.jpg'	2	7	12	19	32	38	33	30	9	5	54.7860962566845	19.2355847616969
'10.jpg'	1	2	3	9	23	35	44	36	23	11	63.8770053475936	17.4073822810030
'11.jpg'	0	0	1	1	3	8	21	42	65	46	80.4545454545455	12.9656814881109
'12.jpg'	0	0	2	2	5	11	13	42	61	51	80.0802139037433	14.6389336552862
'13.jpg'	13	18	47	32	39	21	13	2	2	0	35.8556149732620	17.2529314883780
'14.jpg'	3	8	22	25	35	36	33	17	7	1	49.3315508021390	18.7284912426503
'15.jpg'	3	2	6	12	33	36	46	36	11	2	58.2620320855615	17.0419677675245
'16.jpg'	3	3	6	18	27	46	52	26	4	2	55.8556149732620	16.3293478792607
'17.jpg'	82	45	32	18	2	5	3	0	0	0	16.4438502673797	13.7801997819718
'18.jpg'	6	11	21	41	41	40	18	7	2	0	43.1283422459893	16.6827779182615
'19.jpg'	13	29	41	29	30	27	7	7	4	0	35.8021390374332	19.1503590595323
'20.jpg'	0	0	1	1	4	7	17	51	67	39	79.9732620320856	12.6395665815661
'21.jpg'	1	0	3	5	9	23	39	43	46	18	71.1497326203209	16.4540857671030
'22.jpg'	19	32	44	40	24	15	9	3	1	0	31.4171122994652	17.2585660728559
'23.jpg'	0	0	0	1	4	5	13	35	74	55	82.7540106951872	11.9393934071362
'24.jpg'	2	7	18	30	41	39	28	19	2	1	48.7433155080214	17.1466900415718
'25.jpg'	3	16	20	32	37	35	21	19	3	1	46.0160427807487	18.8587419794189
'26.jpg'	1	3	3	8	25	15	51	44	28	9	65.2673796791444	17.6548354279935
'27.jpg'	3	6	22	30	37	45	22	16	3	3	48.2085561497326	17.9236148578642
'28.jpg'	62	52	33	23	8	5	4	0	0	0	19.3315508021390	14.6968372766816
'29.jpg'	3	2	4	4	12	25	55	52	25	5	65.6417112299465	16.7911032357565
'30.jpg'	4	13	30	36	36	32	22	13	0	1	43.3422459893048	17.8205697791905
'31.jpg'	12	27	34	31	34	27	13	8	1	0	37.1390374331551	18.6931863000059
'32.jpg'	2	4	17	15	26	32	43	32	13	3	56.3368983957219	19.1484177033111
'33.jpg'	1	1	0	3	3	11	24	44	67	33	77.8342245989305	14.8428237512989
'34.jpg'	1	10	23	35	40	39	19	18	2	0	46.2834224598930	16.9762304114298
'35.jpg'	2	5	16	22	27	50	27	30	5	3	53.1283422459893	18.2444658353016
'36.jpg'	10	30	42	42	29	20	9	4	1	0	34.1978609625668	16.8319277629142
'37.jpg'	11	24	40	29	36	27	10	10	0	0	37.0855614973262	18.2212532391300
'38.jpg'	2	0	1	3	4	8	25	34	62	48	78.9572192513369	16.1661919879244
'39.jpg'	0	1	2	5	19	24	36	49	36	15	69.0641711229947	16.3372265998873
'40.jpg'	2	1	1	2	3	11	23	48	52	44	77.8342245989305	16.3186617626862
'41.jpg'	0	0	0	2	3	9	32	44	52	45	79.0106951871658	13.2624633360969
'42.jpg'	27	37	45	31	20	16	7	4	0	0	29.0641711229947	17.6282511995871
'43.jpg'	40	45	54	21	10	13	3	1	0	0	23.5026737967914	15.5437537815312
'44.jpg'	49	53	44	20	11	6	4	0	0	0	20.9893048128342	14.6422541822667
'45.jpg'	15	30	38	30	33	25	9	7	0	0	34.7326203208556	18.1918814554166
'46.jpg'	6	20	46	34	28	29	11	12	1	0	38.6363636363636	18.1389869840889
'47.jpg'	29	37	47	31	25	12	5	1	0	0	27.5133689839572	16.1077117375498
'48.jpg'	1	1	0	1	10	19	19	43	57	36	76.3368983957219	16.0823042554899
'49.jpg'	2	11	24	29	47	29	23	18	4	0	46.4438502673797	17.8990276119547
'50.jpg'	0	0	1	3	5	13	35	48	51	31	76.0695187165775	14.2149458621770
'51.jpg'	2	4	14	20	30	43	24	32	16	2	55.3208556149733	19.0384846191635
'52.jpg'	3	16	29	38	34	28	25	11	3	0	43.2352941176471	18.1375680466295
'53.jpg'	4	22	35	31	36	31	18	9	1	0	40.4545454545455	17.8281102972805
'54.jpg'	26	38	45	32	19	16	7	4	0	0	29.0641711229947	17.5370089868829
'55.jpg'	4	19	27	38	27	26	22	17	7	0	44.1443850267380	20.1416244458334
'56.jpg'	2	9	27	34	37	30	23	17	7	1	46.9786096256685	18.7821616415103
'57.jpg'	1	3	9	11	28	32	32	37	28	6	61.4171122994652	19.0270656141662
'58.jpg'	78	44	35	19	3	5	3	0	0	0	17.0855614973262	13.9300450525475
'59.jpg'	0	1	1	1	3	11	34	47	61	28	76.9786096256685	13.6354199107224
'60.jpg'	0	0	0	1	3	5	12	36	54	76	84.1443850267380	12.1626898596407
'61.jpg'	77	51	31	12	9	4	3	0	0	0	16.9251336898396	14.0486077243555
'62.jpg'	0	0	1	2	10	20	28	60	43	23	73.8235294117647	14.3934730585650
'63.jpg'	49	37	43	21	18	12	4	2	1	0	24.4652406417112	17.6639038060493
'64.jpg'	2	4	11	23	36	38	33	26	12	2	54.3582887700535	18.1678146765047
'65.jpg'	72	54	33	16	7	4	1	0	0	0	16.8716577540107	12.9674458264743
'66.jpg'	1	0	2	3	7	20	28	45	48	33	74.7860962566845	16.3176102912284
'67.jpg'	65	54	35	13	11	2	4	2	0	1	19.1176470588235	16.1426481610309
'68.jpg'	3	3	14	18	29	31	37	35	14	3	56.4438502673797	19.3075530962837
'69.jpg'	0	1	1	2	6	22	30	56	38	31	74.4117647058824	15.0995438748347
'70.jpg'	1	1	1	0	8	13	34	55	50	24	74.7860962566845	14.8776550410388
'71.jpg'	1	0	7	5	7	14	36	46	43	28	72.4331550802139	17.9374901574070
'72.jpg'	0	1	0	8	6	19	22	53	48	30	74.5721925133690	16.0823042554899
'73.jpg'	27	40	48	28	22	9	9	4	0	0	28.2620320855615	17.4451256431375
'74.jpg'	1	3	2	7	20	27	45	45	29	8	65.5347593582888	17.0790117411515
'75.jpg'	12	36	41	36	17	24	16	2	2	1	34.3582887700535	18.8893477397781
'76.jpg'	19	36	50	30	20	17	12	1	2	0	30.9893048128342	17.8664053956778
'77.jpg'	0	1	1	1	2	6	11	39	60	66	82.9144385026738	13.4217141919539
'78.jpg'	4	17	29	32	45	28	19	10	1	2	42.4866310160428	18.1082184458042
'79.jpg'	0	0	4	17	35	38	40	41	9	3	59.2780748663102	15.3004736054328
'80.jpg'	0	0	0	0	5	13	14	36	50	69	82.1122994652407	13.5316309397253
'81.jpg'	0	1	1	2	4	11	12	36	53	67	81.5240641711230	15.1004907862356
'82.jpg'	1	1	0	8	14	31	36	46	33	17	68.6898395721925	16.7641728202913
'83.jpg'	39	60	42	20	14	6	6	0	0	0	22.4331550802139	15.1583291797416
'84.jpg'	107	49	16	8	3	4	0	0	0	0	12.3262032085562	11.1535470975426
'85.jpg'	28	54	38	23	24	13	5	2	0	0	26.6042780748663	16.7904219860053
'86.jpg'	1	1	1	12	23	44	45	38	16	6	62.1657754010695	15.7177410853647
'87.jpg'	0	0	1	2	10	20	33	55	43	23	73.5561497326203	14.4618547541265
'88.jpg'	0	13	15	21	46	39	18	21	11	3	50.7219251336898	19.1779647544451
'89.jpg'	1	1	2	9	16	24	27	40	36	31	70.5080213903743	18.9040269551897
'90.jpg'	0	2	5	5	14	32	35	39	42	13	68.0481283422460	17.4531560734643
'91.jpg'	0	0	1	0	1	6	16	36	66	61	83.1283422459893	11.8015950580823
'92.jpg'	0	0	1	1	5	13	21	47	58	41	78.6898395721925	13.7887055026751
'93.jpg'	50	53	36	25	10	7	4	2	0	0	21.7379679144385	15.9394174619309
'94.jpg'	0	0	2	4	8	16	25	53	41	38	75.5347593582888	15.8108004891551
'95.jpg'	18	31	44	30	34	13	10	6	1	0	32.8074866310161	18.1793014930136
'96.jpg'	1	1	4	2	6	16	29	45	53	30	74.6256684491979	16.9418314031023
'97.jpg'	0	1	2	1	7	11	28	46	51	40	77.1390374331551	15.3296024531927
'98.jpg'	37	47	45	27	13	9	6	2	0	1	25	17.1498585142509
'99.jpg'	7	23	33	45	34	20	16	5	4	0	38.3155080213904	17.9935200794304
'100.jpg'	16	34	41	40	26	18	6	5	1	0	32.2192513368984	17.3596758599799
'101.jpg'	29	38	32	30	29	12	10	5	2	0	30.6149732620321	19.4309800153665
'102.jpg'	0	1	1	2	9	24	33	57	36	24	72.7005347593583	15.0775588363201
'103.jpg'	72	47	29	20	11	3	4	1	0	0	18.6363636363636	15.3266174268859
'104.jpg'	4	6	26	30	49	24	28	18	2	0	46.3903743315508	17.5868361492973
'105.jpg'	23	29	41	41	20	17	11	3	2	0	31.8449197860963	18.3604001147373
'106.jpg'	0	1	3	6	11	35	35	58	30	8	67.6737967914439	15.3850927230792
'107.jpg'	0	0	0	4	5	8	15	42	69	44	80.0802139037433	13.7342611510780
'108.jpg'	1	3	7	14	37	40	39	27	15	4	57.7272727272727	17.3219113982008
'109.jpg'	11	17	46	42	26	26	12	6	1	0	36.6042780748663	17.4157585192170
'110.jpg'	6	25	33	39	27	21	19	12	4	1	40.2941176470588	19.9543360424558
'111.jpg'	0	1	1	1	3	22	29	51	52	27	75.4812834224599	14.2657520578232
'112.jpg'	39	49	43	26	14	9	4	3	0	0	24.1978609625668	16.4462630289386
'113.jpg'	0	3	6	4	20	24	34	46	32	18	67.6203208556150	18.4152986244172
'114.jpg'	13	24	45	36	27	15	17	8	2	0	35.9625668449198	18.9887016742133
'115.jpg'	2	4	6	18	30	37	34	34	18	4	58.3155080213904	18.5784051839876
'116.jpg'	1	0	3	2	7	18	27	56	56	17	73.7165775401070	15.3204589733166
'117.jpg'	0	2	4	12	25	32	41	35	25	11	63.6096256684492	17.6778211862198
'118.jpg'	12	23	39	39	31	15	20	6	1	1	36.8716577540107	18.7931207953991
'119.jpg'	0	1	6	5	14	30	37	39	42	13	68.2085561497326	17.2547546435278
'120.jpg'	19	24	48	37	25	17	12	3	2	0	33.0748663101604	18.0176609543400
'121.jpg'	6	21	33	42	35	18	16	12	4	0	40.0267379679144	18.8825339194746
'122.jpg'	0	4	12	10	26	37	45	34	15	4	59.0641711229947	17.7190235765258
'123.jpg'	1	3	10	13	33	38	39	34	14	2	57.7272727272727	17.4142806522937
'124.jpg'	13	26	46	36	26	17	16	5	2	0	35.0534759358289	18.4274071110847
'125.jpg'	27	42	46	27	18	12	10	3	2	0	28.7433155080214	18.4680210881174
'126.jpg'	12	22	44	41	27	21	13	5	2	0	35.7486631016043	17.8668855656765
'127.jpg'	9	20	44	47	19	22	19	4	3	0	37.1390374331551	18.1120081635134
'128.jpg'	3	4	18	17	37	37	39	22	8	2	52.8074866310160	18.3257904701754
'129.jpg'	15	32	50	33	13	20	12	9	3	0	33.9839572192513	19.7723611815422
'130.jpg'	0	1	1	5	12	28	32	60	36	12	69.9197860962567	15.1417185483008
'131.jpg'	19	49	37	30	22	16	8	5	1	0	30.2406417112299	18.2765697180222
'132.jpg'	0	1	1	2	3	16	23	47	54	40	77.7272727272727	14.7545136588993
'133.jpg'	1	5	8	25	36	34	39	29	8	2	54.6791443850267	17.4865492483656
'134.jpg'	3	7	14	35	22	46	29	23	7	1	50.8823529411765	18.5474405119381
'135.jpg'	2	3	23	24	34	28	46	19	6	2	51.6310160427808	18.2345884098237
'136.jpg'	1	7	15	13	38	49	23	29	11	1	53.7165775401070	18.1042699796298
'137.jpg'	0	0	0	1	3	5	21	43	55	59	81.8983957219251	12.3671700813894
'138.jpg'	0	1	1	5	8	15	27	53	57	20	74.1978609625668	15.2658577399640
'139.jpg'	35	46	39	33	14	11	4	5	0	0	26.0160427807487	17.3215812148968
'140.jpg'	4	23	19	53	38	18	20	6	6	0	40.9358288770053	18.1660831566450
'141.jpg'	0	2	3	12	16	30	32	44	34	14	66.8181818181818	17.9097288086399
'142.jpg'	0	1	1	5	8	15	27	51	59	20	74.3048128342246	15.3060796121447
'143.jpg'	1	3	8	14	21	40	35	39	21	5	60.6684491978610	18.2366270468037
'144.jpg'	49	45	44	19	15	9	4	1	1	0	22.8609625668449	16.6345406104123
'145.jpg'	0	0	2	5	19	34	50	45	23	9	66.2299465240642	14.6650868273902
'146.jpg'	1	0	1	4	15	25	32	44	35	30	71.7914438502674	17.0050112636165
'147.jpg'	0	3	8	13	34	47	29	34	13	6	58.4224598930481	17.3374229204089
'148.jpg'	7	16	41	44	31	23	17	5	3	0	38.6898395721925	17.5130219992569
'149.jpg'	1	10	23	27	28	31	34	22	10	1	50.5080213903743	19.5984745079043
'150.jpg'	0	2	0	2	4	9	18	46	59	47	79.5454545454546	14.6685963875401
'151.jpg'	1	0	0	3	7	6	20	40	66	44	79.3850267379679	14.8079105313376
'152.jpg'	0	0	5	5	21	29	41	51	25	10	66.3368983957219	15.9487440038342
'153.jpg'	26	39	42	26	23	14	11	4	2	0	30.2941176470588	19.1055082811567
'154.jpg'	3	6	11	17	29	35	34	31	13	8	56.7112299465241	20.2197032112856
'155.jpg'	0	0	2	4	12	21	35	50	39	24	72.2192513368984	15.7102798007583
'156.jpg'	2	5	11	21	43	43	29	25	6	2	52.7005347593583	17.3222415752110
'157.jpg'	0	1	0	0	2	5	12	35	62	70	83.9839572192513	12.1723259088087
'158.jpg'	2	2	9	20	30	52	34	28	8	2	55.3743315508021	16.7194204527280
'159.jpg'	0	1	0	5	7	10	34	51	45	34	75.6417112299465	15.2208333607161
'160.jpg'	32	33	42	37	15	15	10	2	1	0	28.7967914438503	18.0913129617071
'161.jpg'	10	19	39	42	30	22	15	7	3	0	37.9411764705882	18.3376461702454
'162.jpg'	1	1	6	8	9	28	27	33	48	26	70.4545454545455	19.2973306785538
'163.jpg'	3	9	15	24	36	33	39	14	13	1	51.2566844919786	19.1782629772769
'164.jpg'	1	0	12	20	22	36	36	37	18	5	59.3315508021390	18.2951797880580
'165.jpg'	2	3	6	5	22	45	37	40	20	7	62.1122994652406	17.7385410343683
'166.jpg'	0	0	4	10	10	30	36	41	36	20	69.1176470588235	17.2632049379902
'167.jpg'	1	1	7	10	14	28	42	38	36	10	65.8021390374332	18.1761551419813
'168.jpg'	3	3	7	10	37	44	37	30	13	3	57.2994652406417	17.5370089868829
'169.jpg'	4	5	13	20	42	34	36	22	9	2	52.5401069518717	18.5674733130064
'170.jpg'	87	50	24	12	5	4	3	1	1	0	16.0695187165775	15.0908295021342
'171.jpg'	0	1	2	1	2	5	16	35	60	65	82.3796791443850	14.1451684426656
'172.jpg'	1	2	4	9	15	30	33	54	26	13	66.3903743315508	17.7984110739771
'173.jpg'	0	4	4	11	16	37	40	39	30	6	63.8770053475936	17.5298326501792
'174.jpg'	49	42	33	27	18	9	5	2	1	1	24.6256684491979	18.3946337198343
'175.jpg'	0	1	7	11	33	48	33	35	15	4	59.4919786096257	16.1918210633374
'176.jpg'	0	1	5	2	22	22	32	46	42	15	69.1711229946524	17.1415191709354
'177.jpg'	0	0	6	6	13	33	30	54	35	10	67.8342245989305	16.4166768218994
'178.jpg'	4	18	19	28	46	32	23	11	4	2	45.0534759358289	18.8860168458809
'179.jpg'	6	14	21	33	39	31	27	5	10	1	45.2139037433155	19.4567178850145
'180.jpg'	0	0	5	11	24	27	39	45	28	8	64.8395721925134	16.8502665311241
'181.jpg'	4	3	5	13	31	31	45	35	15	5	59.0641711229947	18.5736329049065
'182.jpg'	0	0	0	3	8	12	22	51	57	34	77.2994652406417	14.1253422553820
'183.jpg'	1	3	2	3	6	13	15	42	61	41	76.9786096256685	17.8178415718841
'184.jpg'	3	0	4	7	20	34	40	42	29	8	64.7326203208556	17.5941517714375
'185.jpg'	0	0	0	2	3	14	25	38	56	49	79.4919786096257	13.7640036551820
'186.jpg'	1	1	1	1	2	9	16	49	58	49	80.0267379679144	14.6756129899870
'187.jpg'	119	43	13	5	3	2	1	1	0	0	11.3636363636364	11.4991914915214
'188.jpg'	111	44	19	9	1	2	1	0	0	0	11.8983957219251	10.6978606284258
'189.jpg'	125	37	12	5	5	2	1	0	0	0	10.9893048128342	11.0642215231094
'190.jpg'	1	4	7	14	37	35	33	34	15	7	58.5828877005348	18.4564040797289
'191.jpg'	25	42	37	28	26	14	8	3	2	2	30.5080213903743	19.5711697228448
'192.jpg'	2	0	1	7	13	9	30	48	49	28	73.4491978609626	17.5277118065866
'193.jpg'	1	0	0	5	10	15	33	50	48	25	73.8235294117647	15.6398600303152
'194.jpg'	113	45	16	7	3	1	2	0	0	0	11.7914438502674	11.1083305229096
'195.jpg'	0	0	1	0	4	4	26	28	52	72	82.7540106951872	13.2956276219232
'196.jpg'	19	34	47	22	24	20	13	6	1	1	33.1818181818182	19.7012198897280
'197.jpg'	0	1	0	3	6	21	25	40	48	43	76.6577540106952	15.7157396250027
'198.jpg'	0	4	7	7	18	20	39	35	32	25	67.6203208556150	19.9217778855616
'199.jpg'	113	36	21	10	4	3	0	0	0	0	12.4331550802139	11.4620775427612
'200.jpg'	1	1	1	1	2	9	16	48	55	53	80.2941176470588	14.8177562817992
'201.jpg'	0	0	0	1	5	8	28	44	53	48	79.5989304812834	13.2125608252909
'202.jpg'	1	2	4	5	5	27	29	43	41	30	72.0053475935829	18.3143955320045
'203.jpg'	0	1	3	1	7	16	36	50	45	28	74.3048128342246	15.4451982169094
'204.jpg'	131	44	7	1	2	1	1	0	0	0	9.27807486631016	8.64558868906515
'205.jpg'	2	0	3	6	9	25	32	53	37	20	70.4545454545455	17.3106816327428
'206.jpg'	132	34	13	3	2	3	0	0	0	0	9.91978609625669	9.66657972556006
'207.jpg'	123	36	15	6	5	1	1	0	0	0	11.1497326203209	10.8533756021154
'208.jpg'	9	11	26	35	38	30	21	11	5	1	43.6096256684492	19.2976270567213
'209.jpg'	1	7	13	31	25	30	36	27	12	5	54.3048128342246	19.8132491819688
'210.jpg'	0	0	2	3	10	18	31	57	43	23	73.3957219251337	15.0077905932059
'211.jpg'	0	1	1	1	6	19	21	53	51	34	76.4438502673797	14.8270168980556
'212.jpg'	4	11	20	20	28	33	33	21	13	4	51.6844919786096	21.2124956901590
'213.jpg'	97	55	17	13	3	0	2	0	0	0	13.1283422459893	11.2447063685995
'214.jpg'	10	28	42	36	26	22	12	10	1	0	36.2299465240642	18.6176146107371
'215.jpg'	0	1	0	1	5	9	24	34	67	46	79.9197860962567	13.9275813747003
'216.jpg'	89	60	18	13	5	0	2	0	0	0	13.9304812834225	11.6053869698618
'217.jpg'	8	16	26	25	26	28	20	20	13	5	47.5668449197861	23.2365094480408
'218.jpg'	99	45	30	7	3	1	2	0	0	0	13.2887700534759	11.4351008584232
'219.jpg'	88	54	25	12	2	3	1	2	0	0	14.7860962566845	13.1611654983196
'220.jpg'	101	45	20	11	5	1	2	1	1	0	14.0909090909091	13.8644034152665
'221.jpg'	0	2	0	2	8	14	32	55	48	26	74.7860962566845	14.9135555196178
'222.jpg'	163	15	5	1	1	2	0	0	0	0	7.24598930481283	7.33342085621922
'223.jpg'	2	5	22	24	32	31	29	30	10	2	52.3796791443850	19.5423635236264
'224.jpg'	112	49	12	9	2	2	1	0	0	0	11.6310160427807	10.6919781281978
'225.jpg'	24	37	46	26	26	15	9	3	0	1	30.1336898395722	18.1602577418767
'226.jpg'	0	2	1	0	2	5	14	35	65	63	82.7005347593583	13.7804073010373
'227.jpg'	0	1	0	0	3	2	19	41	61	60	82.6470588235294	12.2724651329873
'228.jpg'	49	47	39	24	11	7	6	2	2	0	23.2887700534759	17.7101448942992
'229.jpg'	1	0	3	5	17	22	29	54	36	20	70.1871657754011	17.0980890194461
'230.jpg'	1	1	3	6	22	27	39	49	31	8	66.2299465240642	16.6783205369416
'231.jpg'	21	39	39	33	27	12	12	2	2	0	30.9893048128342	18.1926674142374
'232.jpg'	86	47	29	15	2	5	2	1	0	0	15.8021390374332	13.8323961261343
'233.jpg'	102	54	18	4	5	1	2	0	1	0	12.8609625668449	12.3981163453582
'234.jpg'	0	2	3	12	19	23	32	48	33	15	67.1390374331551	18.0824589312018
'235.jpg'	5	11	22	36	44	25	26	13	5	0	45.1604278074866	18.3395174222830
'236.jpg'	110	41	18	9	6	2	0	1	0	0	12.7540106951872	12.1612790656762
'237.jpg'	33	48	45	30	15	10	4	1	1	0	25.1604278074866	16.1038055033162
'238.jpg'	98	57	17	8	3	2	2	0	0	0	12.9679144385027	11.5225441631907
'239.jpg'	98	52	25	6	3	1	2	0	0	0	12.9679144385027	11.1450829633547
'240.jpg'	1	4	7	9	21	33	37	36	27	12	63.3957219251337	19.2532678770141
'241.jpg'	87	60	22	9	6	1	2	0	0	0	14.1978609625668	11.8771967614901
'242.jpg'	79	58	31	9	4	3	2	1	0	0	15.5347593582888	12.9883790231104
'243.jpg'	77	57	32	8	8	2	2	1	0	0	16.0160427807487	13.2654816972951
'244.jpg'	76	55	35	10	6	2	2	1	0	0	16.1229946524064	13.0945086100220
'245.jpg'	2	0	2	6	22	46	27	44	30	8	65	16.8033610083361
'246.jpg'	76	54	26	13	10	4	2	2	0	0	17.3529411764706	14.9803268283519
'247.jpg'	76	52	35	15	4	2	2	1	0	0	16.3368983957219	13.1152390036692
'248.jpg'	95	62	17	6	4	1	2	0	0	0	12.8609625668449	11.0768788985115
'249.jpg'	0	0	1	3	9	27	27	46	51	23	73.5026737967914	15.1252787419582
'250.jpg'	0	1	3	3	10	20	26	63	41	20	72.4331550802139	15.7466428708859
'251.jpg'	0	2	2	3	6	21	32	59	49	13	72.2727272727273	15.1126060120822
'252.jpg'	22	43	44	31	28	12	4	2	1	0	28.6363636363636	16.4702409852970
'253.jpg'	62	45	38	20	14	4	2	2	0	0	20.1336898395722	15.3865796364607
'254.jpg'	0	3	4	1	15	20	36	51	35	22	70.5080213903743	17.3091947943095
'255.jpg'	89	54	20	8	8	4	1	2	1	0	15.5882352941176	15.0285457644745
'256.jpg'	75	56	27	15	8	4	2	0	0	0	16.7112299465241	13.5339553994614
'257.jpg'	1	0	2	5	13	17	31	37	48	33	73.5561497326203	17.4757525566549
'258.jpg'	19	36	44	27	34	12	10	3	1	1	31.6844919786096	18.2003680145460
'259.jpg'	64	53	37	15	10	4	3	1	0	0	18.7433155080214	14.6217329902588
'260.jpg'	1	1	17	14	29	30	33	43	16	3	58.3155080213904	18.7217716245900
'261.jpg'	101	56	15	11	3	0	1	0	0	0	12.3262032085562	10.3062987864356
'262.jpg'	70	58	34	8	8	5	2	2	0	0	17.4598930481283	14.6013788078443
'263.jpg'	1	1	2	6	10	28	25	48	36	30	71.6844919786096	17.8143103304450
'264.jpg'	98	55	19	8	4	2	1	0	0	0	12.9679144385027	11.1929617607064
'265.jpg'	1	0	1	3	6	13	25	49	47	42	77.0320855614973	15.6887860572416
'266.jpg'	121	44	14	5	1	1	0	1	0	0	10.5080213903743	9.76371597093237
'267.jpg'	86	61	21	11	5	2	1	0	0	0	14.1978609625668	11.6039084196526
'268.jpg'	71	56	35	12	6	5	1	1	0	0	16.9786096256684	13.5172526791502
'269.jpg'	89	57	24	7	4	5	1	0	0	0	14.2513368983957	12.2573097618413
'270.jpg'	101	53	18	9	4	0	2	0	0	0	12.7005347593583	11.1170798753393
'271.jpg'	0	0	3	3	6	34	38	50	41	12	70.4010695187166	14.6336583285035
'272.jpg'	0	2	1	1	6	13	23	53	49	39	77.0855614973262	15.3195256583208
'273.jpg'	0	0	1	1	0	8	21	48	60	48	80.8823529411765	12.2647732079866
'274.jpg'	9	19	32	37	35	27	19	5	4	0	39.7593582887701	18.5091639570875
'275.jpg'	22	44	46	32	22	7	7	4	2	1	29.0641711229947	18.1660831566450
'276.jpg'	70	49	30	19	9	7	2	0	1	0	18.7433155080214	15.3705877794752
'277.jpg'	0	1	0	2	2	10	22	45	55	50	79.9732620320856	13.8121209866765
'278.jpg'	77	50	31	14	8	5	2	0	0	0	16.9251336898396	13.8569760557610
'279.jpg'	54	51	40	17	14	3	6	2	0	0	21.2032085561497	16.1219082472902
'280.jpg'	0	2	2	2	5	20	25	47	44	40	75.7486631016043	16.4650313565141
'281.jpg'	0	0	5	6	15	29	40	49	28	15	67.8342245989305	16.4166768218994
'282.jpg'	1	3	7	17	34	41	40	27	15	2	57.1925133689840	17.0562249709752
'283.jpg'	20	45	45	31	22	12	6	4	2	0	29.3850267379679	17.6726439065111
'284.jpg'	0	0	1	3	12	22	36	44	39	30	73.1818181818182	15.6468066109997
'285.jpg'	1	3	5	16	24	38	27	41	21	11	61.8449197860963	18.9903581887744
'286.jpg'	2	2	19	19	36	39	32	28	8	2	53.4491978609626	18.0389162467309
'287.jpg'	19	39	43	32	24	11	11	5	3	0	31.5775401069519	18.9298770259161
'288.jpg'	21	25	47	39	25	14	11	3	2	0	32.2192513368984	17.9055768648196
'289.jpg'	8	8	24	33	37	26	27	16	6	2	46.3368983957219	20.0221502209668
'290.jpg'	0	1	2	7	15	29	39	38	33	23	69.2780748663102	17.1775161008647
'291.jpg'	5	10	20	34	39	27	24	20	6	2	47.4064171122995	19.6516606501156
'292.jpg'	24	33	46	41	20	13	4	4	1	1	29.7058823529412	17.5290169714722
'293.jpg'	0	1	1	2	1	6	17	46	65	48	80.8823529411765	13.3903572465764
'294.jpg'	12	27	56	37	30	11	5	4	3	2	33.0748663101604	17.8386937292528
'295.jpg'	1	3	3	17	27	37	34	44	13	8	60.6684491978610	17.7612574605226
'296.jpg'	1	2	14	18	35	33	34	29	16	5	56.8181818181818	18.7556505826851
'297.jpg'	1	5	18	27	34	33	30	25	11	3	52.7540106951872	19.0210528580508
'298.jpg'	31	37	47	33	15	11	8	4	1	0	27.9411764705882	17.9247316586059
'299.jpg'	4	12	19	35	40	23	27	18	7	2	47.3529411764706	19.7260253025586
'300.jpg'	0	3	5	4	26	25	51	39	26	8	64.5187165775401	16.9075315451948
'301.jpg'	9	13	18	38	38	22	27	13	6	3	45.2673796791444	20.5390759723270
'302.jpg'	0	4	6	7	18	21	29	43	37	22	68.2620320855615	19.6371034311261
'303.jpg'	0	3	5	5	7	20	30	51	42	24	71.5775401069519	17.9437066363856
'304.jpg'	1	4	4	4	18	28	38	43	29	18	66.9786096256685	18.6392597048524
'305.jpg'	0	1	3	5	13	26	51	40	35	13	68.4759358288770	15.8604613347120
'306.jpg'	0	0	0	2	4	11	17	51	61	41	79.4919786096257	13.0048814298666
'307.jpg'	0	1	1	3	5	8	40	48	53	28	75.8021390374332	14.4377104159744
'308.jpg'	0	2	3	15	25	39	32	41	20	10	62.5935828877005	17.4921085796992
'309.jpg'	6	6	14	23	44	24	34	27	8	1	51.2566844919786	19.5099973199516
'310.jpg'	2	3	4	5	18	22	40	52	32	9	66.4438502673797	18.0181370934907
'311.jpg'	14	29	41	43	20	22	10	5	3	0	34.3582887700535	18.4308208870093
'312.jpg'	0	2	8	14	30	33	32	42	19	7	60.9358288770053	18.0182958037449
'313.jpg'	0	1	2	1	8	18	26	47	53	31	75.4812834224599	15.4879087722947
'314.jpg'	17	38	50	37	17	12	9	4	3	0	30.8288770053476	18.0235324581031
'315.jpg'	0	3	5	3	18	37	37	38	36	10	66.2299465240642	17.3077078281476
'316.jpg'	1	8	17	21	30	32	32	37	7	2	53.6631016042781	19.2320164488857
'317.jpg'	1	1	3	4	4	17	34	47	46	30	74.0374331550802	16.7757684248899
'318.jpg'	0	3	5	11	28	27	38	44	26	5	62.8609625668449	17.5725212424621
'319.jpg'	0	0	0	2	9	9	22	50	44	51	78.7967914438503	14.4792453482528
'320.jpg'	0	4	10	14	40	28	41	34	10	6	57.6203208556150	17.9148375723769
'321.jpg'	0	2	1	4	10	19	28	49	48	26	73.4491978609626	16.3926205158896
'322.jpg'	3	9	7	18	34	31	38	30	12	5	55.6417112299465	19.8015548803956
'323.jpg'	6	18	24	46	33	28	20	6	6	0	41.6844919786096	18.4629105049585
'324.jpg'	21	29	50	26	25	19	8	5	4	0	32.6470588235294	19.3151053191154
'325.jpg'	55	49	32	24	13	7	5	0	2	0	22.0053475935829	17.0439812721808
'326.jpg'	0	0	1	2	13	27	39	50	33	22	71.3636363636364	14.9378879319591
'327.jpg'	13	22	38	33	35	19	14	7	4	2	37.8877005347594	20.0054326460132
'328.jpg'	3	6	10	14	36	37	32	28	16	5	56.2299465240642	19.5971612452964
'329.jpg'	0	2	6	11	28	35	37	36	24	8	62.3262032085562	17.6512715762398
'330.jpg'	1	5	21	26	31	29	33	27	10	4	52.9679144385027	19.5713158390493
'331.jpg'	15	29	33	30	33	22	13	10	2	0	36.6042780748663	19.7197906207415
'332.jpg'	1	13	26	24	33	31	35	16	4	4	48.5294117647059	19.5771595929758
'333.jpg'	2	2	2	8	19	36	44	35	27	12	64.8395721925134	17.7467609706862
'334.jpg'	1	4	22	29	43	29	34	16	9	0	49.9197860962567	17.5617774049979
'335.jpg'	1	3	4	15	23	48	33	40	14	6	60.1871657754011	17.2537602191462
'336.jpg'	27	35	39	36	21	19	5	2	2	1	30.0802139037433	18.4526850924200
'337.jpg'	7	25	41	27	34	26	14	7	5	1	39.0106951871658	19.4979744744839
'338.jpg'	10	28	40	35	36	22	10	5	1	0	35.4812834224599	17.3138200945737
'339.jpg'	2	0	3	8	7	20	39	45	39	24	71.0427807486631	17.7432155828449
'340.jpg'	0	0	1	3	17	31	36	48	32	19	69.8663101604278	15.4212953938937
'341.jpg'	1	0	1	2	3	17	28	44	58	33	76.7647058823530	14.8643864411480
'342.jpg'	0	2	3	5	13	30	39	45	37	13	68.4759358288770	16.5533720672865
'343.jpg'	4	12	27	26	43	37	18	14	4	2	45.4812834224599	18.7092422600812
'344.jpg'	0	3	7	7	21	36	36	41	23	13	64.1443850267380	18.1884228331257
'345.jpg'	1	4	8	16	26	29	33	43	20	7	60.5614973262032	19.2111880811842
'346.jpg'	0	7	12	19	27	39	33	29	14	7	56.7112299465241	19.4100704907310
'347.jpg'	0	2	3	0	8	24	28	55	45	22	72.9679144385027	15.8245405246474
'348.jpg'	1	7	16	24	29	41	29	21	13	6	53.7165775401070	19.7432691582935
'349.jpg'	1	4	2	8	19	29	27	49	32	16	66.9251336898396	18.7734811075774
'350.jpg'	97	52	22	10	2	1	2	0	0	1	13.5561497326203	12.7313164833822
'351.jpg'	102	47	25	4	5	1	2	0	0	1	13.2887700534759	12.9276899717602
'352.jpg'	49	45	44	28	3	9	5	3	1	0	22.8074866310160	17.0562249709752
'353.jpg'	1	3	7	13	27	28	28	40	30	10	62.8609625668449	19.5872359708359
'354.jpg'	6	16	34	26	28	21	34	11	9	2	45.1069518716578	21.3448713877405
'355.jpg'	18	33	38	30	25	17	13	5	6	2	35.1069518716578	21.2444218488730
'356.jpg'	0	0	2	7	9	19	36	43	43	28	72.8609625668449	16.3753409609337
'357.jpg'	4	19	18	29	33	29	28	15	7	5	47.4064171122995	21.1712033637391
'358.jpg'	0	9	21	10	33	38	34	25	9	8	54.5187165775401	20.0075767054772
'359.jpg'	19	23	48	39	24	14	8	9	3	0	33.7165775401070	19.0540995363828
'360.jpg'	124	40	13	3	1	4	2	0	0	0	10.9358288770053	11.3550455101493
'361.jpg'	0	1	2	3	15	24	39	49	36	18	70.2941176470588	15.8635261756057
'362.jpg'	12	25	30	44	28	25	8	11	3	1	37.7272727272727	19.5003209776258
'363.jpg'	16	34	42	34	27	13	13	5	3	0	33.3422459893048	18.8982776931753
'364.jpg'	0	1	4	6	18	36	44	43	26	9	65.5882352941177	15.9938648193323
'365.jpg'	0	1	11	9	22	24	50	38	23	9	63.2352941176471	17.9001459467093
'366.jpg'	15	24	31	35	25	27	15	12	2	1	38.4224598930481	20.5029834360223
'367.jpg'	3	4	7	23	26	32	40	38	10	4	57.0320855614973	18.7622056510176
'368.jpg'	42	51	34	26	18	8	4	3	0	1	24.4117647058824	17.5559143587389
'369.jpg'	24	32	51	30	26	9	9	4	2	0	30.1871657754011	18.0416110237087
'370.jpg'	25	28	39	40	23	15	8	8	1	0	32.0053475935829	18.8893477397781
'371.jpg'	11	24	37	28	29	30	15	9	4	0	38.8502673796791	19.7886976176919
'372.jpg'	6	14	25	37	38	31	13	15	7	1	44.0374331550802	19.5164455495165
'373.jpg'	1	1	3	2	11	20	29	49	49	22	72.5935828877005	16.7742341727634
'374.jpg'	87	40	36	7	11	4	1	0	0	1	16.3368983957219	14.6191902672443
'375.jpg'	0	3	3	11	22	34	30	41	27	16	65.2673796791444	18.4545446797565
'376.jpg'	15	28	41	29	26	23	14	8	2	1	36.0695187165775	19.9445885141387
'377.jpg'	19	38	45	34	17	17	9	6	2	0	31.4705882352941	18.7397869846890
'378.jpg'	0	1	1	5	5	14	16	55	53	37	76.9786096256685	15.5415459142184
'379.jpg'	27	27	35	38	22	17	8	11	2	0	33.0748663101604	20.2533356164300
'380.jpg'	90	40	36	4	11	4	1	0	0	1	15.8556149732620	14.4901038706872
'381.jpg'	0	3	2	8	20	23	39	44	33	15	67.4064171122995	17.6443037875364
'382.jpg'	2	1	2	8	13	27	49	47	27	11	66.7112299465241	16.8116979926574
'383.jpg'	49	33	35	31	16	9	6	6	1	1	26.3903743315508	19.7901426704989
'384.jpg'	17	28	44	27	30	17	12	9	3	0	35.0000000000000	19.8119501560033
'385.jpg'	135	30	7	5	6	1	1	1	1	0	10.8288770053476	12.8642696449601
'386.jpg'	161	18	3	2	1	0	1	0	1	0	7.56684491978610	9.00621129649569
'387.jpg'	1	2	7	5	14	32	39	39	37	11	66.4438502673797	18.1069550303070
'388.jpg'	6	12	30	28	40	26	20	16	7	2	45.2139037433155	20.2116400848921
'389.jpg'	0	1	2	1	8	13	18	40	55	49	78.4759358288770	15.8941420802279
'390.jpg'	5	26	24	33	36	20	29	8	5	1	42.2192513368984	19.9134505231758
'391.jpg'	14	30	44	32	25	21	10	8	3	0	34.8930481283423	19.2364767364759
'392.jpg'	1	1	3	3	8	18	26	54	37	36	74.0909090909091	17.2656895316240
'393.jpg'	13	30	40	30	32	17	13	9	3	0	35.9090909090909	19.5053063595244
'394.jpg'	7	16	26	32	28	33	18	14	11	2	45.2673796791444	21.3058490395090
'395.jpg'	121	41	15	2	6	2	0	0	0	0	10.9358288770053	10.3187773253149
'396.jpg'	60	52	38	20	5	7	2	3	0	0	19.7593582887701	15.5236874587026
'397.jpg'	3	7	16	22	32	41	30	19	12	5	52.7005347593583	19.8269559320692
'398.jpg'	8	12	32	24	29	36	21	13	9	3	45.6417112299465	21.2349971766676
'399.jpg'	0	0	2	2	14	18	38	50	42	21	72.3262032085562	15.1751100753266
'400.jpg'	2	2	3	3	18	25	39	45	30	20	68.2620320855615	18.1953394202826
'401.jpg'	7	33	34	30	28	23	18	8	4	2	38.7967914438503	20.4761865176135
'402.jpg'	163	18	3	2	1	0	0	0	0	0	6.81818181818182	5.56046884772447
'403.jpg'	3	22	25	27	29	30	30	13	5	3	45.4812834224599	20.6131525028764
'404.jpg'	0	1	4	3	11	12	24	54	50	28	74.3048128342246	16.6128655878459
'405.jpg'	156	19	4	1	3	4	0	0	0	0	8.31550802139038	9.57503020107717
'406.jpg'	92	54	25	8	3	2	1	2	0	0	14.0909090909091	12.7387267023468
'407.jpg'	4	7	19	24	34	37	29	18	11	4	51.0962566844920	20.0067191092643
'408.jpg'	6	15	37	24	38	29	20	14	3	1	42.9144385026738	19.3872209711497
'409.jpg'	3	9	19	25	42	29	26	23	9	2	50.0267379679144	19.5777438724320
'410.jpg'	4	11	21	32	39	29	27	18	4	2	47.1390374331551	19.1174787771659
'411.jpg'	21	34	46	29	29	10	11	4	2	1	31.6310160427808	18.8970670993401
'412.jpg'	0	2	4	10	28	38	28	36	27	14	64.0374331550802	18.2418010251525
'413.jpg'	4	4	3	10	26	34	41	35	24	6	61.2032085561497	19.0417888425822
'414.jpg'	1	1	3	1	11	17	31	45	44	33	73.9304812834225	17.1164767628655
'415.jpg'	10	20	40	31	29	22	14	15	5	1	40.1336898395722	20.7443900997278
'416.jpg'	160	20	3	3	1	0	0	0	0	0	7.08556149732620	5.97974791379438
'417.jpg'	83	59	20	11	8	5	1	0	0	0	15.4278074866310	13.1559497125804
'418.jpg'	2	0	2	9	14	27	42	44	35	12	67.5668449197861	17.1136363114179
'419.jpg'	16	20	48	37	29	19	7	8	2	1	35	18.7011395460505
'420.jpg'	1	3	7	8	25	39	35	40	22	7	61.9518716577540	18.0259122526345
'421.jpg'	14	26	42	31	32	16	15	5	6	0	36.2299465240642	19.7602085306206
'422.jpg'	40	57	44	24	8	7	4	1	2	0	22.7005347593583	16.1396363241741
'423.jpg'	148	27	3	3	1	3	0	2	0	0	9.01069518716578	10.9671309137478
'424.jpg'	0	3	6	9	27	31	44	33	27	7	62.7005347593583	17.6888178742645
'425.jpg'	153	24	6	2	0	1	0	0	1	0	7.94117647058824	8.61610013310068
'426.jpg'	170	12	3	0	0	1	0	1	0	0	6.60427807486631	7.05922863851304
'427.jpg'	0	0	2	1	4	15	26	53	51	35	77.0855614973262	14.0827635793659
'428.jpg'	59	65	36	10	6	6	3	2	0	0	18.5294117647059	14.7837510590480
'429.jpg'	0	0	3	4	6	13	34	49	41	37	75.3208556149733	15.8165872220743
'430.jpg'	0	3	4	7	18	24	39	37	38	17	67.7807486631016	18.2897082037268
'431.jpg'	150	22	9	4	0	1	1	0	0	0	8.36898395721925	8.45799312075617
'432.jpg'	1	0	3	9	16	34	40	43	30	11	66.3368983957219	16.7021365633598
'433.jpg'	35	45	60	18	13	7	7	2	0	0	24.3582887700535	16.0085195654055
'434.jpg'	0	0	2	5	16	24	35	42	40	23	70.9893048128342	16.4645103029733
'435.jpg'	41	52	33	32	15	8	4	0	2	0	23.9304812834225	16.5768500805158
'436.jpg'	21	29	47	32	29	15	7	5	2	0	31.8983957219251	18.1498618192345
'437.jpg'	158	23	0	2	2	1	0	1	0	0	7.62032085561497	8.47015609549661
'438.jpg'	83	57	24	13	5	2	2	1	0	0	15.3208556149733	13.1182912394612
'439.jpg'	0	0	2	4	16	23	33	42	43	24	71.6844919786096	16.3753409609337
'440.jpg'	0	0	4	4	18	37	47	41	23	13	66.3368983957219	15.6098445903238
'441.jpg'	0	2	6	12	21	34	42	34	27	9	63.3422459893048	17.7604524103932
'442.jpg'	158	21	4	0	2	1	1	0	0	0	7.56684491978610	7.93284461812460
'443.jpg'	167	10	4	0	2	2	2	0	0	0	7.56684491978610	9.46931843638954
'444.jpg'	0	0	4	3	8	20	32	50	40	30	73.5026737967914	16.1511491392798
'445.jpg'	1	1	0	7	15	24	28	50	40	21	70.7219251336898	17.0838667533358
'446.jpg'	121	44	11	4	5	1	1	0	0	0	10.8288770053476	10.3795675633937
'447.jpg'	63	68	27	15	8	3	1	2	0	0	17.5133689839572	13.7818598470040
'448.jpg'	6	18	24	33	35	28	15	20	6	2	44.6256684491979	20.6930452538861
'449.jpg'	0	2	6	6	13	33	42	43	24	18	66.8181818181818	17.6086114964597
'450.jpg'	0	1	2	7	5	24	32	46	37	33	73.0748663101604	16.8838358719866
'451.jpg'	8	22	32	38	32	26	13	12	3	1	39.9197860962567	19.3854508528195
'452.jpg'	108	49	18	4	4	1	1	1	1	0	12.4331550802139	12.4891213493005
'453.jpg'	2	2	4	19	26	35	37	32	18	12	60.8288770053476	19.0055612553782
'454.jpg'	2	5	16	19	29	35	33	29	15	4	55.3743315508021	19.7136990279858
'455.jpg'	5	7	20	18	42	38	23	19	13	2	50.5614973262032	19.9217778855616
'456.jpg'	2	3	7	26	27	37	36	26	16	7	57.2459893048128	19.0491461894054
'457.jpg'	0	1	3	3	14	28	36	52	31	19	69.7593582887701	16.1649536940399
'458.jpg'	4	27	41	29	34	19	19	12	2	0	39.2780748663102	18.9817728652172
'459.jpg'	2	3	7	26	29	45	38	22	12	3	55.3208556149733	17.5476050231555
'460.jpg'	16	20	37	32	42	20	10	9	1	0	36.4973262032086	18.4681759321969
'461.jpg'	4	21	38	32	33	21	17	16	5	0	41.5775401069519	19.7321130900128
'462.jpg'	0	1	0	1	4	10	15	34	49	73	82.3796791443850	14.2955890098202
'463.jpg'	1	3	3	5	14	38	37	38	31	17	66.9786096256685	17.9970161576920
'464.jpg'	97	52	18	11	3	3	1	1	0	1	14.0909090909091	13.8257789416972
'465.jpg'	0	0	1	4	6	15	20	49	58	34	76.9786096256685	14.8013430591832
'466.jpg'	5	14	27	36	35	25	26	16	3	0	44.1978609625668	18.9256466831755
'467.jpg'	1	1	0	2	12	18	24	53	49	27	74.2513368983957	15.9704250670522
'468.jpg'	97	55	15	10	2	4	3	0	1	0	14.0374331550802	13.8028009960457
'469.jpg'	0	1	2	2	6	24	30	51	42	29	73.9304812834225	15.5790371042170
'470.jpg'	0	0	4	7	14	25	30	38	45	24	70.8823529411765	17.5702427956139
'471.jpg'	13	27	46	29	26	20	13	8	5	0	36.2299465240642	19.9487461307636
'472.jpg'	0	1	8	7	12	31	45	49	20	14	65.9625668449198	17.1228243034812
'473.jpg'	1	0	2	1	7	19	31	46	48	32	75.0534759358289	15.7009937422894
'474.jpg'	4	21	32	33	31	30	17	12	6	1	42.4866310160428	19.7468899030318
'475.jpg'	156	23	3	2	2	0	0	0	0	1	7.78074866310160	9.00208255619745
'476.jpg'	0	5	5	16	31	30	31	44	20	5	60.4010695187166	18.3904357533577
'477.jpg'	2	11	21	30	35	36	21	21	9	1	48.6898395721925	19.3136247238643
'478.jpg'	3	13	19	27	38	37	23	18	8	1	48.1016042780749	19.2647012435654
'479.jpg'	0	5	4	6	17	31	34	42	35	13	66.4438502673797	18.4579534366215
'480.jpg'	13	23	30	37	27	27	12	11	7	0	39.3315508021390	20.6565295512832
'481.jpg'	16	25	49	35	27	14	9	9	3	0	34.2513368983957	18.9983375526256
'482.jpg'	12	27	44	29	30	18	15	9	3	0	36.4973262032086	19.5101438942911
'483.jpg'	152	28	3	2	0	0	1	1	0	0	7.83422459893048	8.27271171733377
'484.jpg'	0	0	5	5	7	13	34	40	53	30	74.3048128342246	16.7730407685286
'485.jpg'	8	30	31	35	30	23	13	11	6	0	38.9572192513369	20.1427602410494
'486.jpg'	17	33	41	34	26	19	4	9	4	0	33.6096256684492	19.4081551129059
'487.jpg'	1	0	2	1	5	16	27	47	55	33	76.3903743315508	15.2411107911676
'488.jpg'	0	1	1	2	9	30	41	41	43	19	71.4705882352941	15.1764291339649
'489.jpg'	2	8	10	11	40	32	39	27	14	4	55.9090909090909	19.1734908553443
'490.jpg'	87	58	27	8	3	3	0	1	0	0	14.0909090909091	11.6878872684169
'491.jpg'	10	19	41	29	36	24	13	9	4	2	39.3850267379679	19.8395001223881
'492.jpg'	1	6	10	17	22	41	35	34	15	6	58.0481283422460	19.1479696700773
'493.jpg'	1	0	9	18	20	38	32	40	19	10	61.4705882352941	18.5389585795825
'494.jpg'	1	6	21	36	28	32	27	20	14	2	50.9893048128342	19.5800808159046
'495.jpg'	62	58	35	13	12	5	0	1	1	0	18.6363636363636	14.5755037203519
'496.jpg'	11	27	43	38	26	23	13	3	3	0	35.4278074866310	18.0263881738399
'497.jpg'	0	1	6	15	31	33	32	38	25	6	61.6310160427808	17.6685981011711
'498.jpg'	21	45	42	35	25	9	6	3	1	0	28.7433155080214	16.7682663022391
'499.jpg'	1	1	3	5	15	29	44	40	33	16	68.0481283422460	17.0187953419923
'500.jpg'	1	9	19	27	27	32	37	22	8	5	52.1122994652406	19.8444002946601
'501.jpg'	83	55	34	8	4	2	0	1	0	0	14.6256684491979	11.6255749766252
'502.jpg'	1	3	15	19	37	39	33	30	8	2	54.3582887700535	17.5692662279410
'503.jpg'	0	2	2	6	19	27	34	43	40	14	68.4224598930481	17.0888877282431
'504.jpg'	1	1	3	7	20	27	36	47	33	12	67.0320855614973	17.2784381545960
'505.jpg'	1	5	16	35	35	46	22	21	4	2	49.9732620320856	17.1615267869328
'506.jpg'	5	15	42	34	26	31	22	8	4	0	41.3636363636364	18.6047076911782
'507.jpg'	6	15	32	34	34	32	16	14	3	1	42.6470588235294	19.0362314107268
'508.jpg'	62	47	41	19	11	2	3	1	1	0	19.5989304812834	15.1719061697614
'509.jpg'	55	59	27	23	16	3	3	0	1	0	20.3475935828877	15.2785905251026
'510.jpg'	7	29	44	37	32	19	13	5	1	0	35.5882352941176	17.1865035528593
'511.jpg'	0	4	13	21	38	39	35	23	12	2	54.4652406417112	17.4506981709421
'512.jpg'	0	0	0	3	15	10	28	57	43	31	75	14.9509000319280
'513.jpg'	10	37	53	35	25	14	7	3	3	0	32.0053475935829	17.0125770796159
'514.jpg'	14	51	54	24	24	7	10	2	1	0	28.7433155080214	16.5111660717887
'515.jpg'	0	4	16	17	34	37	41	25	9	4	55.1069518716578	17.8523146632938
'516.jpg'	6	22	37	40	37	21	16	5	2	1	38.4224598930481	17.7338652537067
'517.jpg'	6	20	43	50	20	24	14	7	2	1	37.8342245989305	17.9419534885973
'518.jpg'	12	26	42	35	34	20	11	5	2	0	35.3743315508021	17.8636841885561
'519.jpg'	0	3	8	7	29	34	34	40	25	7	62.3796791443850	18.0041651123949
'520.jpg'	8	31	47	35	25	23	11	4	3	0	35.1069518716578	17.8822441979141
'521.jpg'	7	26	42	34	35	22	12	5	3	1	37.1925133689840	18.2380382773762
'522.jpg'	0	0	5	7	22	32	43	41	23	14	65.6417112299465	16.6952865121896
'523.jpg'	0	0	4	3	8	22	30	55	35	30	73.1283422459893	16.1286472119709
'524.jpg'	1	11	32	30	42	31	21	13	5	1	45.3208556149733	18.0582463221236
'525.jpg'	3	7	21	33	33	37	25	20	7	1	48.8502673796791	18.7051149009548
'526.jpg'	5	22	43	38	27	27	16	7	2	0	38.4759358288770	17.8287518962405
'527.jpg'	0	0	2	4	11	21	29	50	44	26	73.1818181818182	15.8167680233640
'528.jpg'	2	9	11	22	42	35	32	28	5	1	51.8983957219251	18.0612548818618
'529.jpg'	2	5	23	27	41	32	31	18	8	0	49.4919786096257	17.9760294890739
'530.jpg'	0	0	6	13	15	33	44	44	22	10	64.5721925133690	16.7979142137009
'531.jpg'	0	0	2	3	6	19	40	44	52	21	73.7165775401070	14.6422541822667
'532.jpg'	20	53	57	16	23	7	8	0	2	1	27.1925133689840	17.0562249709752
'533.jpg'	10	35	44	36	26	19	12	2	3	0	33.8770053475936	17.7420873563211
'534.jpg'	1	0	7	11	28	33	44	33	23	7	62.0053475935829	17.3548980052384
'535.jpg'	0	7	15	25	37	32	34	24	9	4	53.1283422459893	18.6789537813056
'536.jpg'	4	22	31	38	30	28	18	12	4	0	41.4705882352941	18.9667015045880
'537.jpg'	0	0	2	4	9	25	32	49	46	20	72.3796791443850	15.3420959428118
'538.jpg'	0	0	2	6	14	31	33	52	32	17	69.3850267379679	15.8543298755080
'539.jpg'	14	47	52	29	25	10	6	3	1	0	29.2245989304813	16.2800634031731
'540.jpg'	1	0	1	3	12	20	32	59	42	17	72.0053475935829	15.2559262882089
'541.jpg'	2	1	3	14	33	41	37	34	21	1	59.7058823529412	16.6529250260123
'542.jpg'	15	32	49	34	22	16	14	3	1	1	32.9144385026738	18.2798552247457
'543.jpg'	67	55	35	17	4	4	3	1	1	0	18.1016042780749	14.8434017316247
'544.jpg'	1	2	2	13	30	39	40	37	18	5	61.0427807486631	16.6549855640614
'545.jpg'	3	14	35	40	33	26	20	13	2	1	42.5401069518717	18.2479138354731
'546.jpg'	1	0	2	12	23	40	43	41	22	3	62.7540106951872	15.5911473050785
'547.jpg'	1	1	2	10	30	40	32	45	18	7	62.4731182795699	16.5770221834285
'548.jpg'	3	6	27	23	35	37	28	19	9	0	49.2245989304813	18.8382599144361
'549.jpg'	2	4	12	31	43	33	29	23	7	3	51.8449197860963	17.9480090912936
'550.jpg'	0	0	1	0	1	17	21	50	58	39	78.9037433155080	12.8442474232608
'551.jpg'	104	56	15	6	5	0	0	1	0	0	12.0053475935829	10.5270201491887
'552.jpg'	4	20	48	37	26	30	18	2	2	0	38.1016042780749	16.9303495355000
'553.jpg'	1	6	9	22	47	42	27	21	9	3	52.9144385026738	17.4415189411212
'554.jpg'	0	0	8	11	30	35	35	32	27	9	62.4866310160428	17.7804068963174
'555.jpg'	1	2	1	8	16	20	49	38	38	14	68.2085561497326	17.2237347602594
'556.jpg'	1	2	1	16	29	35	34	44	17	8	61.8449197860963	17.3418757927050
'557.jpg'	3	10	21	38	26	33	26	22	7	1	48.3155080213904	19.5051597488325
'558.jpg'	3	12	36	37	37	32	16	10	4	0	42.4866310160428	17.5381504060716
'559.jpg'	2	16	24	40	33	30	18	18	6	0	45	18.9567478426563
'560.jpg'	0	0	1	1	9	26	31	55	42	22	73.2352941176471	14.2771735580451
'561.jpg'	0	6	4	26	40	38	28	30	12	3	55.4278074866310	17.6061752962382
'562.jpg'	0	2	11	18	33	36	27	38	18	4	58.3689839572193	18.2052381406863
'563.jpg'	1	1	2	12	27	44	36	38	20	6	61.9518716577540	16.4759696743712
'564.jpg'	2	9	11	37	30	32	34	18	12	2	51.3101604278075	19.2303807508986
'565.jpg'	6	19	41	27	28	35	18	11	1	1	40.8823529411765	18.9749922343211
'566.jpg'	1	8	20	24	48	34	29	18	5	0	48.9572192513369	17.2232366597423
'567.jpg'	0	2	0	7	24	33	32	46	27	16	66.9251336898396	16.8838358719866
'568.jpg'	0	0	1	3	1	7	24	48	49	54	80.2941176470588	13.6140112493093
'569.jpg'	3	19	43	37	32	29	14	8	1	1	39.5454545454546	17.4644579696327
'570.jpg'	18	41	41	35	31	8	10	1	2	0	30.4010695187166	17.0944090972909
'571.jpg'	1	2	10	13	23	33	45	26	26	8	61.1497326203209	18.8191232081686
'572.jpg'	2	2	15	11	39	32	33	36	10	7	57.0855614973262	18.9407507115992
'573.jpg'	0	3	3	9	18	29	40	49	21	15	65.9090909090909	17.4811517360405
'574.jpg'	0	0	1	0	5	14	30	50	49	38	77.5133689839572	13.5864663271791
'575.jpg'	0	3	1	7	20	31	38	45	33	9	66.4438502673797	16.6611656492100
'576.jpg'	0	11	19	37	38	31	26	19	5	1	48.0481283422460	17.9962216540890
'577.jpg'	1	12	34	44	36	22	24	10	3	1	43.1283422459893	17.5878117413959
'578.jpg'	0	1	5	7	17	30	42	40	29	16	66.9251336898396	17.2906812204635
'579.jpg'	39	57	39	26	13	7	5	0	1	0	23.0748663101604	15.7362879572016
'580.jpg'	0	6	12	37	36	37	29	16	9	5	51.6844919786096	18.2297261246977
'581.jpg'	2	0	6	12	21	21	36	38	33	18	66.2299465240642	19.4877052011733
'582.jpg'	1	12	28	47	39	21	23	11	2	3	43.9304812834225	17.9103674837992
'583.jpg'	3	9	27	35	39	22	31	19	2	0	46.1229946524064	18.1885800574974
'584.jpg'	6	15	34	40	33	24	21	9	2	3	41.7379679144385	19.1126914784332
'585.jpg'	0	7	13	34	46	30	27	21	9	0	50.4545454545455	17.3723555116551
'586.jpg'	0	1	4	11	25	35	36	40	23	12	64.0909090909091	17.3275235517250
'587.jpg'	0	8	24	36	38	27	26	19	7	2	48.5294117647059	18.5677813411310
'588.jpg'	16	46	47	36	18	17	5	0	2	0	29.1176470588235	16.2087669822226
'589.jpg'	0	7	14	31	33	37	28	24	12	1	52.3796791443850	18.3571290237147
'590.jpg'	3	18	31	39	35	28	22	6	5	0	41.9518716577540	17.9962216540890
'591.jpg'	0	0	1	3	2	25	31	47	45	33	75.3743315508021	14.6023580235280
'592.jpg'	1	0	2	4	13	26	30	53	37	21	70.9893048128342	16.4319986854959
'593.jpg'	0	1	7	5	14	38	43	47	17	15	65.6417112299465	16.7592251956125
'594.jpg'	0	0	1	2	3	14	24	47	54	42	78.4224598930481	13.9536332394091
'595.jpg'	1	2	7	16	43	27	28	38	21	4	58.9572192513369	18.3652278033091
'596.jpg'	2	3	11	16	36	37	33	32	12	5	56.6042780748663	18.5170418078334
'597.jpg'	1	9	24	40	39	23	31	15	5	0	46.6577540106952	17.7604524103932
'598.jpg'	0	1	4	5	12	22	46	40	34	23	70.0802139037433	16.9733664901139
'599.jpg'	8	17	32	46	33	27	14	7	3	0	39.3850267379679	17.7631894319707
'600.jpg'	39	52	35	25	22	7	5	1	1	0	24.5187165775401	16.7486426127274
'601.jpg'	0	4	5	2	16	24	43	48	29	16	67.7807486631016	17.6043885351406
'602.jpg'	29	49	43	27	21	9	6	1	2	0	26.6042780748663	17.0746577979568
'603.jpg'	0	1	2	6	4	17	31	56	40	30	74.0909090909091	15.9453368613759
'604.jpg'	1	3	25	41	27	31	34	18	6	1	49.1711229946524	17.9343013836213
'605.jpg'	5	30	39	33	31	25	15	6	3	0	37.7272727272727	18.3123655526580
'606.jpg'	1	1	11	33	39	30	30	28	11	3	54.1443850267380	17.8919964786156
'607.jpg'	0	2	6	17	45	30	34	35	15	3	57.9946524064171	16.9811148094964
'608.jpg'	0	7	10	24	42	34	26	28	11	5	54.3048128342246	18.7310868131100
'609.jpg'	2	3	8	22	38	41	34	25	13	1	54.9465240641711	17.3512725481696
'610.jpg'	5	23	40	39	30	26	18	4	2	0	38.2620320855615	17.4144448659231
'611.jpg'	0	0	8	18	34	25	45	34	18	5	59.9732620320856	17.2237347602594
'612.jpg'	1	2	2	5	26	35	33	45	30	8	65.1604278074866	16.9767357591568
'613.jpg'	2	5	22	32	39	32	20	25	8	2	49.8128342245989	18.9099256959972
'614.jpg'	1	6	18	36	30	37	25	22	9	3	50.8823529411765	18.8902560634527
'615.jpg'	1	0	1	3	5	16	25	48	50	38	76.6042780748663	15.5674685788910
'616.jpg'	3	14	44	35	33	27	18	10	3	0	41.1497326203209	17.8268270300857
'617.jpg'	1	0	2	5	27	18	43	45	37	9	67.4064171122995	16.3872117055883
'618.jpg'	0	7	17	34	42	29	36	14	6	2	49.7058823529412	17.4372555133090
'619.jpg'	0	1	6	15	34	28	45	37	18	3	60.2941176470588	16.5885766263665
'620.jpg'	2	0	9	23	37	37	33	29	14	3	56.3368983957219	17.6061752962382
'621.jpg'	6	21	40	37	38	18	19	6	2	0	38.4759358288770	17.6478690463816
'622.jpg'	1	1	4	14	32	38	42	28	20	7	60.6149732620321	17.1816775426937
'623.jpg'	1	1	1	2	9	23	26	50	50	24	73.5561497326203	16.0730552133693
'624.jpg'	0	2	5	5	9	17	31	54	44	20	71.5240641711230	17.2804241058865
'625.jpg'	1	3	14	28	38	41	26	25	9	2	52.7540106951872	17.5896001863733
'626.jpg'	0	0	1	3	16	31	43	43	36	14	69.3315508021390	14.9135555196178
'627.jpg'	1	1	11	29	36	35	28	30	13	3	55.1604278074866	17.9862079017032
'628.jpg'	0	1	1	1	5	17	25	51	49	37	76.8181818181818	14.7314313795709
'629.jpg'	0	0	1	2	7	14	12	57	54	40	78.2085561497326	14.3065869258219
'630.jpg'	0	1	13	11	20	33	31	41	23	14	63.1818181818182	19.3174740354770
'631.jpg'	3	16	26	29	36	31	27	13	6	0	45.3743315508021	19.0234581885516
'632.jpg'	2	1	3	11	25	28	34	48	22	13	64.5187165775401	18.2754744178570
'633.jpg'	6	26	36	42	33	26	11	4	2	1	37.3529411764706	17.4534837676481
'634.jpg'	21	41	49	31	19	14	7	4	1	0	29.3850267379679	17.4595450006666
'635.jpg'	0	1	0	2	5	28	28	44	50	29	74.7326203208556	14.9663849753431
'636.jpg'	18	41	42	29	29	14	5	5	4	0	31.4705882352941	18.7112291823638
'637.jpg'	9	28	40	35	29	23	11	9	3	0	36.9251336898396	18.8587419794189
'638.jpg'	1	0	14	14	31	39	38	28	17	5	58.1550802139037	17.9480090912936
'639.jpg'	17	34	42	34	31	13	11	3	2	0	32.3796791443850	17.8849625811201
'640.jpg'	0	0	2	3	8	12	29	38	51	44	77.1390374331551	15.7765793088501
'641.jpg'	0	0	1	3	3	19	26	38	60	37	77.3529411764706	14.6189946548477
'642.jpg'	5	22	33	42	28	28	18	6	5	0	40.0802139037433	18.5105544096652
'643.jpg'	6	23	37	36	33	23	20	5	4	0	39.1711229946524	18.4342340307478
'644.jpg'	3	12	26	37	36	29	23	15	4	2	45.4812834224599	18.8799591696030
'645.jpg'	1	3	4	14	18	31	38	44	26	8	63.6096256684492	18.2141894903495
'646.jpg'	32	47	43	27	17	10	8	1	2	0	26.5508021390374	17.6190021659709
'647.jpg'	0	1	1	1	2	14	22	43	58	45	79.1176470588235	14.2418776485282
'648.jpg'	10	29	45	34	26	22	8	7	6	0	36.0160427807487	19.3071087558842
'649.jpg'	38	46	38	25	26	7	4	1	2	0	25.4812834224599	17.1586937930711
'650.jpg'	1	1	15	18	29	40	35	27	17	4	56.9786096256685	18.3501175794369
'651.jpg'	1	6	10	19	22	27	37	35	20	10	59.7058823529412	20.4833078682815
'652.jpg'	0	3	8	2	8	25	29	55	36	21	70.1336898395722	18.1602577418767
'653.jpg'	143	30	8	4	1	0	0	1	0	0	8.68983957219251	8.57617976330672
'654.jpg'	38	56	40	22	13	9	6	1	2	0	24.1443850267380	17.2219083212659
'655.jpg'	3	22	39	41	38	17	18	5	4	0	38.9572192513369	17.5004442654090
'656.jpg'	1	2	0	1	0	12	22	37	56	56	80.2941176470588	15.2446753270029
'657.jpg'	4	9	14	24	46	42	24	14	9	1	49.1711229946524	18.2886136904220
'658.jpg'	80	58	19	17	8	2	1	1	1	0	16.2299465240642	14.2207787077911
'659.jpg'	11	29	43	41	32	16	11	2	2	0	33.9839572192513	16.8838358719866
'660.jpg'	17	37	50	37	21	14	7	4	0	0	30.2406417112299	16.5571722383197
'661.jpg'	3	3	6	20	27	44	35	36	7	6	57.1390374331551	18.1120081635134
'662.jpg'	1	0	7	11	15	27	31	46	36	13	66.7647058823529	18.4300450843695
'663.jpg'	0	1	3	5	11	23	36	41	45	22	71.4171122994652	16.7873560200071
'664.jpg'	38	55	41	27	14	6	4	0	2	0	23.3957219251337	15.9408526697010
'665.jpg'	0	1	9	14	25	30	28	44	24	12	63.1283422459893	18.8782929678558
'666.jpg'	0	1	6	10	26	27	32	46	25	14	65.0000000000000	18.1202164995153
'667.jpg'	0	1	3	5	16	16	34	56	36	20	70.7754010695187	16.6052898673017
'668.jpg'	1	0	0	2	8	6	26	39	61	44	78.8502673796791	14.8482173594017
'669.jpg'	0	0	2	6	14	20	36	57	41	11	70.2406417112300	15.1752985192946
'670.jpg'	162	16	6	0	1	2	0	0	0	0	7.24598930481283	7.18609936065986
'671.jpg'	97	62	17	5	3	1	2	0	0	0	12.4866310160428	10.7272247427763
'672.jpg'	0	1	0	1	6	4	25	44	70	36	79.3315508021391	13.2017345826499
'673.jpg'	0	0	0	0	4	7	21	48	62	45	80.6149732620321	11.9724009884021
'674.jpg'	0	0	6	6	30	31	36	45	23	10	64.3582887700535	16.7911032357565
'675.jpg'	43	53	44	23	14	7	1	2	0	0	22.1657754010695	14.9505174847513
'676.jpg'	3	13	18	25	43	30	31	16	6	2	48.3155080213904	19.1454306170420
'677.jpg'	1	1	5	8	17	40	33	43	26	13	65.2673796791444	17.6850991715091
'678.jpg'	1	1	1	3	10	25	27	50	41	28	72.8609625668449	16.6666571344116
'679.jpg'	1	3	3	8	17	20	36	43	36	20	68.4224598930481	18.8449379958272
'680.jpg'	1	3	8	22	33	27	39	28	21	5	58.2085561497326	18.8825339194746
'681.jpg'	15	39	44	35	28	14	7	2	3	0	31.4171122994652	17.3820648300897
'682.jpg'	18	23	36	36	25	17	13	12	3	4	37.6203208556150	21.9157407817919
'683.jpg'	0	4	22	20	32	31	32	26	14	6	54.7860962566845	19.7837836486344
'684.jpg'	6	21	26	44	21	29	19	13	6	2	42.7005347593583	20.5682936967651
'685.jpg'	1	3	6	19	28	35	36	28	24	7	59.8663101604278	18.8253523667600
'686.jpg'	2	0	0	2	9	11	25	48	61	29	76.2299465240642	15.5843594121129
'687.jpg'	26	42	41	36	18	13	7	2	2	0	28.5828877005348	17.6264666762815
'688.jpg'	9	24	43	45	26	23	10	2	5	0	35.9090909090909	17.6637419115526
'689.jpg'	62	53	30	20	15	4	2	0	1	0	19.5989304812834	15.1719061697614
'690.jpg'	1	9	22	38	36	27	24	18	8	4	48.6363636363636	19.5028138278728
'691.jpg'	24	44	47	27	20	14	8	2	1	0	28.4759358288770	17.3730139420032
'692.jpg'	1	5	6	14	38	32	22	33	29	7	60.0267379679144	19.7950550609784
'693.jpg'	40	43	47	25	19	8	4	0	1	0	24.2513368983957	15.9369055373291
'694.jpg'	0	5	19	20	24	32	32	30	17	8	56.8181818181818	20.4471168923050
'695.jpg'	0	0	5	5	21	25	33	38	41	19	69.0106951871658	17.5645453854328
'696.jpg'	4	19	30	41	36	26	21	5	3	2	41.3101604278075	18.2604465296141
'697.jpg'	0	0	1	3	8	13	29	45	50	38	76.6042780748663	15.0433805112447
'698.jpg'	13	39	42	28	32	18	10	3	2	0	32.9144385026738	17.8955123906010
'699.jpg'	0	0	7	10	13	29	33	45	31	19	67.7272727272727	18.0476331878997
'700.jpg'	0	1	1	4	6	21	32	46	43	33	74.4652406417112	15.8445867987917
'701.jpg'	1	2	5	8	17	36	37	40	24	17	65.4812834224599	18.3630477140228
'702.jpg'	36	70	41	19	9	7	2	3	0	0	21.7379679144385	14.9705879965196
'703.jpg'	0	2	2	5	25	28	29	48	33	15	67.5668449197861	17.2691673621622
'704.jpg'	153	23	5	3	2	0	1	0	0	0	7.99465240641711	8.05163638079804
'705.jpg'	2	7	19	25	37	31	34	24	4	4	51.1497326203209	18.9606696059796
'706.jpg'	0	1	6	7	16	35	32	39	37	14	67.0320855614973	17.7366063780775
'707.jpg'	0	0	1	4	7	16	27	54	43	35	75.6417112299465	15.0796450000780
'708.jpg'	3	8	17	36	26	29	35	24	4	5	50.6684491978610	19.8647086967241
'709.jpg'	6	15	35	39	37	26	17	9	3	0	40.7754010695187	17.9068544885295
'710.jpg'	116	41	17	5	3	4	0	1	0	0	11.8983957219251	11.8369198368107
'711.jpg'	0	3	4	12	18	33	43	37	27	10	64.1978609625669	17.6991614569768
'712.jpg'	3	18	17	15	28	35	25	28	16	2	51.8449197860963	21.9184807957722
'713.jpg'	0	0	7	6	15	27	29	51	29	23	69.0106951871658	17.8664053956778
'714.jpg'	0	1	3	5	17	20	34	46	35	26	70.7754010695187	17.3609936574774
'715.jpg'	1	8	25	32	44	26	24	20	5	2	47.8877005347594	18.4478802908580
'716.jpg'	18	51	50	25	19	15	5	4	0	0	28.2620320855615	16.6611656492100
'717.jpg'	0	1	3	2	9	14	27	49	50	32	75.1604278074866	16.1038055033162
'718.jpg'	1	2	7	11	16	34	45	40	19	12	63.4491978609626	18.1276323745354
'719.jpg'	0	0	0	1	8	12	19	43	52	52	79.5454545454546	14.1867535632732
'720.jpg'	113	43	19	6	5	0	0	1	0	0	11.7379679144385	10.7748371025833
'721.jpg'	165	15	3	2	1	1	0	0	0	0	6.92513368983957	6.50255066024702
'722.jpg'	22	27	46	35	28	13	12	3	1	0	31.8449197860963	17.8284310996467
'723.jpg'	0	3	5	12	19	34	37	39	27	11	64.0909090909091	18.1711198471574
'724.jpg'	0	0	1	3	6	15	26	51	41	44	77.0320855614973	15.0272137249367
'725.jpg'	1	4	12	20	30	32	33	31	15	9	57.6203208556150	19.7600638111871
'726.jpg'	42	51	40	29	10	8	4	2	1	0	23.3957219251337	16.4363488824549
'727.jpg'	126	35	13	8	1	1	2	1	0	0	11.0427807486631	11.6250830033287
'728.jpg'	4	11	25	29	37	31	32	15	2	1	46.3368983957219	18.4949444459613
'729.jpg'	1	1	3	8	17	26	29	46	42	14	68.4759358288770	17.7987324116388
'730.jpg'	0	0	1	5	7	16	33	50	49	26	74.4652406417112	14.9413334141712
'731.jpg'	5	14	15	22	49	28	27	18	8	1	48.1550802139037	19.6273440541311
'732.jpg'	32	44	37	37	18	9	5	3	2	0	27.0855614973262	17.6245197175116
'733.jpg'	140	32	6	6	2	1	0	0	0	0	9.01069518716578	8.55681815570893
'734.jpg'	0	0	0	0	5	8	22	42	71	39	80.1336898395722	12.1645706637436
'735.jpg'	7	33	29	46	30	23	11	6	2	0	36.4438502673797	17.7188621856498
'736.jpg'	0	0	0	3	8	14	28	47	51	36	76.6577540106952	14.5127818007866
'737.jpg'	43	60	41	17	11	10	4	1	0	0	22.0053475935829	15.6025149920466
'738.jpg'	64	66	31	12	7	4	1	1	0	1	17.5133689839572	14.3147798751691
'739.jpg'	0	3	10	13	25	30	40	33	22	11	61.5775401069519	19.0706014010884
'740.jpg'	0	0	0	4	3	15	28	58	43	36	76.7112299465241	13.8850141232845
'741.jpg'	96	54	20	10	3	3	0	1	0	0	13.4491978609626	11.8480277425679
'742.jpg'	6	14	31	32	31	30	20	14	8	1	44.4117647058824	20.2438733212358
'743.jpg'	18	44	39	38	20	12	9	6	1	0	30.6684491978610	18.0894160342816
'744.jpg'	18	32	46	33	19	19	10	8	1	1	33.1818181818182	19.4003443077967
'745.jpg'	127	41	11	6	1	0	1	0	0	0	9.86631016042781	8.85765560719495
'746.jpg'	4	10	15	33	48	29	19	19	8	2	48.0481283422460	19.1200215420806
'747.jpg'	0	1	0	1	2	12	23	45	59	44	79.4919786096257	13.4495965325077
'748.jpg'	159	20	4	2	1	1	0	0	0	0	7.29946524064171	6.74645081835729
'749.jpg'	0	1	1	4	9	12	32	40	44	44	76.1764705882353	16.4074419776251
'750.jpg'	1	4	8	12	34	33	36	33	15	11	59.7058823529412	19.0774979482313
'751.jpg'	0	2	0	7	14	22	28	51	41	22	71.3101604278075	16.8278497670305
'752.jpg'	0	0	4	4	6	23	35	55	32	28	72.4866310160428	15.9743639170294
'753.jpg'	150	26	7	1	0	2	0	1	0	0	8.20855614973262	8.73705805616477
'754.jpg'	1	11	21	33	38	21	30	21	9	2	49.1711229946524	19.6692604799924
'755.jpg'	0	3	10	16	36	40	32	35	8	7	57.3529411764706	17.6666557855073
'756.jpg'	8	19	34	41	28	20	19	11	6	1	40.8288770053476	20.1526957186424
'757.jpg'	29	39	41	38	24	11	3	1	1	0	27.4064171122995	16.1240366456775
'758.jpg'	0	0	2	4	9	22	26	54	37	33	73.9304812834225	15.9521504185775
'759.jpg'	3	8	9	24	34	32	30	31	12	4	54.3582887700535	19.8824075964419
'760.jpg'	1	2	4	12	24	31	33	44	21	15	64.1443850267380	18.5954829780959
'761.jpg'	0	3	3	3	11	23	29	49	39	27	71.7914438502674	17.5923637891756
'762.jpg'	0	1	2	3	8	30	30	44	41	28	72.5935828877005	16.3218157706371
'763.jpg'	2	4	12	24	38	40	29	22	11	5	53.8235294117647	18.6354237558285
'764.jpg'	36	46	48	24	19	7	3	3	1	0	24.8930481283422	16.5464604293788
'765.jpg'	31	39	38	36	24	8	7	4	0	0	27.9411764705882	17.3486353762495
'766.jpg'	3	15	29	37	38	28	21	12	3	1	43.4491978609626	18.2745355368938
'767.jpg'	0	4	4	5	39	27	34	42	22	10	62.8609625668449	17.9637759430552
'768.jpg'	10	26	32	39	32	21	15	9	1	2	38.1016042780749	19.3477975530437
'769.jpg'	2	4	7	21	35	30	35	25	22	6	57.7272727272727	19.5003209776258
'770.jpg'	6	26	38	32	32	19	24	5	5	0	39.2245989304813	19.2315703632318
'771.jpg'	37	49	45	31	14	4	4	2	1	0	23.9304812834225	15.8174912078563
'772.jpg'	3	4	13	17	32	25	31	36	17	9	57.8877005347594	20.8432707194589
'773.jpg'	2	10	11	18	38	30	26	26	17	9	55.4278074866310	21.2655448523352
'774.jpg'	18	36	33	31	25	21	14	6	2	1	34.4652406417112	20.0995549029085
'775.jpg'	75	53	34	10	6	3	3	0	3	0	17.4064171122995	15.7210156526931
'776.jpg'	25	40	43	37	15	17	5	4	1	0	28.9572192513369	17.5614517315581
'777.jpg'	1	3	11	9	21	35	33	39	22	13	62.4866310160428	19.6110190265466
'778.jpg'	0	2	3	9	21	25	38	47	33	9	66.2834224598931	17.0704702668582